onset	duration	nwb_table	error_onset_time	reward_start_time	reward_stop_time	movement_start_time	movement_stop_time	return_start_time	return_stop_time	cue_onset_time	target
6.363013029098511	6.233825445175171	trials		11.115192413330078	11.447992324829102	10.254213094711304	10.463969230651855	12.131000280380249	12.596838474273682	9.990266799926758	Left
13.629562854766846	6.191677570343018	trials		18.458828687667847	18.818989992141724	17.531699180603027	17.79294204711914	19.29420804977417	19.821240425109863	17.270169496536255	Right
20.941905975341797	8.086487054824829	trials		25.78649091720581	26.133381128311157	24.37525510787964	24.59529209136963	28.492021799087524	29.028393030166626	24.12949514389038	Left
29.03523325920105	6.318899154663086	trials		33.84942603111267	34.15658497810364	32.50270199775696	32.75333642959595	34.84934139251709	35.354132413864136	32.23969793319702	Right
35.879321575164795	6.213181495666504	trials		40.6303129196167	40.89573383331299	39.305994272232056	39.52496647834778	41.61318922042847	42.0925030708313	39.067688941955566	Left
42.39491081237793	6.154649496078491	trials		47.13013243675232	47.49135875701904	46.178181171417236	46.43311619758606	47.934709787368774	48.54956030845642	45.92693257331848	Right
50.25247240066528	6.6972057819366455	trials		55.317585945129395	55.58104062080383	53.90647292137146	54.14998006820679	56.45582342147827	56.94967818260193	53.67582726478577	Left
57.56473350524902	6.1603429317474365	trials		62.28774905204773	62.63758850097656	61.362175941467285	61.637181520462036	63.14659833908081	63.72507643699646	61.12964606285095	Right
65.29904651641846	6.467829704284668	trials		70.44186115264893	70.73325061798096	69.02337527275085	69.27237129211426	71.28391671180725	71.76687622070312	68.77081608772278	Right
72.3779993057251	6.639943838119507	trials		77.58249974250793	77.91468548774719	76.29910016059875	76.50365447998047	78.52339196205139	79.0179431438446	76.0207769870758	Left
80.76775431632996	6.36960768699646	trials		85.34863877296448	85.62454533576965	84.46709752082825	84.68590593338013	86.50678277015686	87.13736200332642	84.22277116775513	Left
87.98781442642212	6.468526124954224	trials		93.1450469493866	93.4486014842987	91.88728833198547	92.18445301055908	93.955317735672	94.45634055137634	91.62842106819153	Right
96.14274549484253	6.109143257141113	trials		100.97332215309143	101.30907130241394	99.69217538833618	99.91884803771973	101.78424835205078	102.25188875198364	99.4420735836029	Left
103.8458878993988	5.926297664642334	trials		108.31753206253052	108.65442824363708	107.2426187992096	107.52479243278503	109.17609477043152	109.77218556404114	106.98760199546814	Right
110.81449460983276	6.0150580406188965	trials		115.53447937965393	115.89160966873169	114.1450343132019	114.41860604286194	116.33856511116028	116.82955265045166	113.87904000282288	Right
117.00174856185913	5.8779237270355225	trials		121.44271349906921	121.78997254371643	120.38590455055237	120.61536264419556	122.41723394393921	122.87967228889465	120.12883973121643	Left
124.41042947769165	5.692415952682495	trials		128.644300699234	128.97554421424866	127.68157696723938	127.89002251625061	129.60456705093384	130.10284543037415	127.42643713951111	Left
131.15990018844604	6.545530796051025	trials		136.45582342147827	136.74278903007507	135.0551552772522	135.31455492973328	137.24930047988892	137.70543098449707	134.80001544952393	Right
139.63063287734985	6.32422399520874	trials		144.4720640182495	144.76124167442322	143.2765235900879	143.4911949634552	145.52731657028198	145.9548568725586	143.03375363349915	Left
146.90873336791992	6.178078889846802	trials		151.80034041404724	152.08435702323914	150.56146430969238	150.81586694717407	152.58664965629578	153.08681225776672	150.33053183555603	Right
155.06472969055176	7.109058380126953	trials		160.44048380851746	160.78249979019165	159.05619978904724	159.32084226608276	161.6158311367035	162.1737880706787	158.81568264961243	Right
162.7990424633026	6.188892364501953	trials		167.67508482933044	167.96794891357422	166.52988409996033	166.75315713882446	168.50300931930542	168.98793482780457	166.25311732292175	Left
170.51570177078247	6.597099542617798	trials		175.59691262245178	175.93552899360657	174.41517567634583	174.63738369941711	176.58572793006897	177.11280131340027	174.14361095428467	Left
177.59559679031372	6.376120328903198	trials		182.5966079235077	182.89700865745544	181.4942924976349	181.74840831756592	183.4487807750702	183.97171711921692	181.25287413597107	Right
184.32995319366455	6.632038593292236	trials		189.62706422805786	189.9870617389679	188.52007937431335	188.81146883964539	190.3917875289917	190.9619917869568	188.25179147720337	Right
192.50221061706543	6.864977836608887	trials		197.8299596309662	198.16267776489258	196.48417782783508	196.70335483551025	198.8934450149536	199.36718845367432	196.23596024513245	Left
199.37660932540894	6.152273893356323	trials		204.16077828407288	204.49660921096802	203.14017796516418	203.39236855506897	205.02114295959473	205.52888321876526	202.86095356941223	Right
205.8765516281128	6.650224685668945	trials		210.5336627960205	210.86756873130798	209.4930739402771	209.70115065574646	212.06409215927124	212.52677631378174	209.25239300727844	Left
213.79715061187744	6.318161964416504	trials		218.73651719093323	219.06485247612	217.89999103546143	218.1078221797943	219.60896515846252	220.11531257629395	217.67319560050964	Left
220.59495425224304	6.599598169326782	trials		225.84602618217468	226.1124711036682	224.44470262527466	224.69992446899414	226.696519613266	227.19455242156982	224.18911242485046	Right
228.93846535682678	5.9376842975616455	trials		233.51779317855835	233.86038279533386	232.50870275497437	232.76724219322205	234.379878282547	234.87614965438843	232.2675302028656	Right
235.5008716583252	6.828073024749756	trials		240.9236888885498	241.2616090774536	239.68030714988708	239.90398979187012	241.8605670928955	242.32894468307495	239.43880701065063	Left
243.62594294548035	6.753280162811279	trials		248.98613238334656	249.29468417167664	247.83290362358093	248.09844732284546	249.78436088562012	250.37922310829163	247.5945165157318	Right
250.65701365470886	6.147154092788696	trials		255.40886521339417	255.69300484657288	254.30552577972412	254.52142596244812	256.33796095848083	256.80416774749756	254.04923915863037	Left
258.01564168930054	6.287196159362793	trials		262.9077401161194	263.21444869041443	261.5289855003357	261.81873655319214	263.6584141254425	264.30283784866333	261.2984218597412	Right
264.8598527908325	5.899468898773193	trials		269.40813302993774	269.7660415172577	268.30295038223267	268.5290906429291	270.3275213241577	270.7593216896057	268.0481791496277	Left
270.9221785068512	6.452142238616943	trials		275.955589056015	276.30800890922546	274.6487193107605	274.93097472190857	276.79608821868896	277.37432074546814	274.39194107055664	Right
277.3909504413605	6.979870796203613	trials		282.812579870224	283.1593472957611	281.51029753685	281.73123574256897	283.7633023262024	284.3708212375641	281.26687240600586	Left
285.6555314064026	5.8395445346832275	trials		289.98475766181946	290.28143095970154	289.06364917755127	289.29232907295227	291.07908606529236	291.4950759410858	288.7979416847229	Left
292.64072704315186	6.453370809555054	trials		297.71894788742065	298.01770997047424	296.2649908065796	296.513126373291	298.56440329551697	299.0940978527069	296.0155851840973	Right
299.4844057559967	6.777487277984619	trials		305.0006527900696	305.3162086009979	303.60956931114197	303.8146560192108	305.83398389816284	306.2618930339813	303.3602867126465	Left
307.6558847427368	6.447882413864136	trials		312.7498342990875	313.0134527683258	311.81352949142456	312.0961127281189	313.6430490016937	314.10376715660095	311.59431171417236	Right
314.4540979862213	6.194995164871216	trials		319.20300030708313	319.5025408267975	317.92549896240234	318.19014143943787	320.1480293273926	320.64909315109253	317.65700602531433	Right
321.7496063709259	6.725427150726318	trials		327.09525513648987	327.3852517604828	325.8550271987915	326.06769156455994	328.0532274246216	328.4750335216522	325.60881662368774	Left
329.78067445755005	5.704745054244995	trials		334.2025933265686	334.4985702037811	333.25154304504395	333.5329792499542	334.9751398563385	335.48541951179504	333.0003354549408	Right
337.4836940765381	6.874849319458008	trials		343.00035071372986	343.3175449371338	341.58850049972534	341.8114047050476	343.8797619342804	344.3585433959961	341.34306812286377	Left
345.48346877098083	6.72079873085022	trials		350.8439450263977	351.1533567905426	349.52421379089355	349.8017997741699	351.71184635162354	352.20426750183105	349.2657561302185	Right
354.09268736839294	6.397788047790527	trials		359.01554679870605	359.358341217041	358.0678143501282	358.2718360424042	359.99092745780945	360.4904754161835	357.8286898136139	Left
360.67078137397766	5.852405786514282	trials		365.15622901916504	365.48902916908264	364.1541018486023	364.4169011116028	366.0171673297882	366.52318716049194	363.9207525253296	Right
366.6394727230072	6.110699415206909	trials		371.2647168636322	371.61590790748596	369.9744358062744	370.18742775917053	372.2810981273651	372.7501721382141	369.7175347805023	Left
372.76430344581604	5.821398973464966	trials		377.3122968673706	377.5747685432434	376.21067786216736	376.4649164676666	378.1444811820984	378.585702419281	375.983186006546	Right
379.0454783439636	6.323036193847656	trials		383.98410749435425	384.26808309555054	382.93979144096375	383.12132596969604	384.9997925758362	385.3685145378113	382.71827960014343	Left
386.24854016304016	6.671482801437378	trials		391.5308647155762	391.8597733974457	390.17021441459656	390.3884491920471	392.5177547931671	392.92002296447754	389.90565371513367	Left
393.87340807914734	6.029803514480591	trials		398.5931878089905	398.9513831138611	397.3638553619385	397.6234188079834	399.3832242488861	399.90321159362793	397.093519449234	Right
400.0435814857483	6.152314901351929	trials		404.8440115451813	405.1417498588562	403.70933771133423	403.9495680332184	405.70318841934204	406.1958963871002	403.46816515922546	Right
406.2316544055939	6.601523160934448	trials		411.48248052597046	411.7540454864502	410.24352264404297	410.469744682312	412.4287385940552	412.8331775665283	409.99833607673645	Left
413.41992950439453	7.023247480392456	trials		419.12303614616394	419.424747467041	417.67772150039673	417.9275367259979	419.9395327568054	420.443176984787	417.41991925239563	Right
420.8885760307312	6.648668050765991	trials		426.1229772567749	426.43935227394104	424.90015745162964	425.1082751750946	426.9688832759857	427.5372440814972	424.638463973999	Left
428.01340413093567	6.1976165771484375	trials		432.82694149017334	433.1793613433838	431.9852542877197	432.19873785972595	433.67997431755066	434.2110207080841	431.71741700172424	Left
434.8414771556854	6.527754306793213	trials		440.01341438293457	440.35796999931335	438.5889484882355	438.85858821868896	440.8369562625885	441.36923146247864	438.32680439949036	Right
441.90388226509094	6.176727056503296	trials		446.59130358695984	446.94577145576477	445.5629210472107	445.77185797691345	447.5507507324219	448.08060932159424	445.34132742881775	Left
448.3882188796997	6.256598949432373	trials		453.34122490882874	453.6282317638397	451.920814037323	452.1668198108673	454.17959427833557	454.6448178291321	451.6859493255615	Right
455.35674357414246	5.938995361328125	trials		459.8721330165863	460.1740493774414	458.6742579936981	458.8924517631531	460.81941509246826	461.2957389354706	458.43480587005615	Left
461.77861642837524	6.878494501113892	trials		467.18566393852234	467.4552626609802	465.961656332016	466.2371942996979	468.1029222011566	468.65711092948914	465.7013554573059	Right
469.18594551086426	6.671237230300903	trials		474.34207224845886	474.69342708587646	473.00423669815063	473.2280831336975	475.4137496948242	475.85718274116516	472.7627365589142	Left
475.965767621994	6.191882371902466	trials		480.88756227493286	481.15126276016235	479.5597620010376	479.83894538879395	481.6853811740875	482.1576499938965	479.30986499786377	Right
482.79293942451477	6.425190448760986	trials		487.9351398944855	488.2331647872925	486.8740711212158	487.13248777389526	488.7776050567627	489.21812987327576	486.63756799697876	Right
489.38745856285095	6.565601348876953	trials		494.49693179130554	494.7634584903717	493.6281702518463	493.8419814109802	495.52523255348206	495.9530599117279	493.3873255252838	Left
496.7467827796936	5.8894336223602295	trials		501.24767231941223	501.6059904098511	500.1680896282196	500.42560505867004	502.1149594783783	502.63621640205383	499.9351501464844	Right
503.3231565952301	6.587965250015259	trials		508.40371203422546	508.72696828842163	507.1863808631897	507.40166664123535	509.3898239135742	509.91112184524536	506.93419003486633	Left
510.4028058052063	5.940920352935791	trials		514.8404531478882	515.1502335071564	514.0066304206848	514.2204825878143	515.8376243114471	516.3437261581421	513.7473945617676	Left
516.9808180332184	5.807554483413696	trials		521.4181785583496	521.7521255016327	520.4239974021912	520.6662757396698	522.2741196155548	522.7883725166321	520.2008063793182	Right
522.8556287288666	6.84601354598999	trials		528.2473983764648	528.6006784439087	527.12038397789	527.4060389995575	529.175142288208	529.7016422748566	526.8556184768677	Right
530.5258803367615	6.093373537063599	trials		535.0908722877502	535.4149887561798	533.930721282959	534.1603021621704	536.1113908290863	536.6192538738251	533.6847975254059	Left
536.9794149398804	6.268190860748291	trials		541.8729062080383	542.1746995449066	540.7909886837006	541.018030166626	542.824898481369	543.2476058006287	540.5126655101776	Left
544.0571801662445	5.859573841094971	trials		548.589567899704	548.9421517848969	547.6375756263733	547.913932800293	549.3938176631927	549.9167540073395	547.3717453479767	Right
550.4333825111389	6.271918058395386	trials		555.3872895240784	555.6706099510193	554.4427518844604	554.6407525539398	556.2755072116852	556.7053005695343	554.1999821662903	Left
557.650452375412	6.608322620391846	trials		562.9029171466827	563.2046284675598	561.8992743492126	562.1893939971924	563.7270324230194	564.2587749958038	561.5894527435303	Right
565.1191399097443	6.9986302852630615	trials		570.4971878528595	570.8344523906708	569.2322201728821	569.4511923789978	571.5851674079895	572.1177701950073	568.9954714775085	Left
572.2610483169556	6.628556728363037	trials		577.6367616653442	577.9533824920654	576.1777663230896	576.4374527931213	578.4265933036804	578.8896050453186	575.933890581131	Right
579.3860402107239	6.110208034515381	trials		584.1381375789642	584.4552907943726	582.7597517967224	583.0048563480377	585.0363495349884	585.4962482452393	582.5120666027069	Right
585.6671333312988	5.860229253768921	trials		590.0421938896179	590.3428812026978	589.0861055850983	589.2914381027222	591.0930635929108	591.5273625850677	588.8389940261841	Left
591.9941017627716	6.406922340393066	trials		596.9949901103973	597.270446062088	595.6537549495697	595.8739149570465	597.9668071269989	598.4010241031647	595.4023423194885	Left
598.729400396347	6.4681572914123535	trials		603.8399386405945	604.1268632411957	602.7775180339813	603.0275378227234	604.7057919502258	605.1975576877594	602.5418343544006	Right
605.4931252002716	6.223667144775391	trials		610.40287733078	610.6784563064575	609.5017573833466	609.7695949077606	611.2259685993195	611.716792345047	609.1984896659851	Right
611.7908070087433	6.7321038246154785	trials		617.0895974636078	617.3541581630707	615.9101133346558	616.1281843185425	618.1148262023926	618.5229108333588	615.6684491634369	Left
618.540605545044	7.093903303146362	trials		624.1063730716705	624.422420501709	622.6579866409302	622.8982989788055	625.125253200531	625.6345088481903	622.385274887085	Left
625.9633765220642	5.948293209075928	trials		630.5726873874664	630.8530175685883	629.2053196430206	629.492039680481	631.4201498031616	631.9116697311401	628.9788928031921	Right
632.55699467659	6.338969469070435	trials		637.635092496872	637.9583487510681	636.3357183933258	636.5680844783783	638.406328201294	638.8959641456604	636.0891392230988	Right
639.6350464820862	5.8462207317352295	trials		644.1202893257141	644.4670567512512	643.0826086997986	643.2849509716034	645.0261607170105	645.4812672138214	642.8547072410583	Left
645.588131904602	6.670581579208374	trials		650.7931237220764	651.1455845832825	649.4329650402069	649.647513628006	651.7189836502075	652.2587134838104	649.1972813606262	Left
652.3222835063934	5.8802995681762695	trials		656.9161932468414	657.234370470047	655.9898009300232	656.2446541786194	657.7218763828278	658.2025830745697	655.7607526779175	Right
659.2129023075104	6.661160945892334	trials		664.4960460662842	664.8104140758514	663.3235251903534	663.5905025005341	665.354526758194	665.8740632534027	663.0878412723541	Right
666.7595367431641	6.544015169143677	trials		671.8386995792389	672.1686732769012	670.4796466827393	670.694277048111	672.8722431659698	673.3035519123077	670.2448229789734	Left
673.3688831329346	6.574735403060913	trials		678.4945356845856	678.7691724300385	677.2599194049835	677.4817588329315	679.5089101791382	679.9436185359955	676.9938433170319	Left
679.961681842804	5.584855079650879	trials		684.182323217392	684.4936602115631	683.2558081150055	683.5479757785797	684.9794046878815	685.5465369224548	682.993745803833	Right
686.2592408657074	6.2000744342803955	trials		691.087605714798	691.3988606929779	689.9766886234283	690.239324092865	691.922370672226	692.4593152999878	689.7124557495117	Right
692.5406618118286	6.748037099838257	trials		697.7279181480408	698.0256972312927	696.6045491695404	696.8122982978821	698.803200006485	699.2886989116669	696.3529317378998	Left
699.3048779964447	6.3391335010528564	trials		704.353812456131	704.6397953033447	703.3148210048676	703.5296154022217	705.1975474357605	705.6440114974976	703.0569369792938	Left
706.4152064323425	6.223708152770996	trials		711.1506328582764	711.465861082077	710.1835265159607	710.472785949707	712.1216306686401	712.6389145851135	709.9161396026611	Right
713.3196697235107	6.1005823612213135	trials		718.08913397789	718.3847424983978	717.1141631603241	717.3355929851532	719.0305588245392	719.420252084732	716.8838040828705	Left
719.7430989742279	5.954846620559692	trials		724.3850955963135	724.6532199382782	723.1580159664154	723.4387967586517	725.1868877410889	725.6979455947876	722.8835430145264	Right
725.8353254795074	5.718056917190552	trials		730.2126386165619	730.485063791275	729.1347353458405	729.3731224536896	731.0653440952301	731.553382396698	728.8845517635345	Right
731.570995092392	5.908398151397705	trials		736.1517157554626	736.4254515171051	734.8993229866028	735.1167385578156	737.0590617656708	737.4793932437897	734.6345574855804	Left
738.3677747249603	6.346670150756836	trials		743.2749464511871	743.6343295574188	742.4056525230408	742.6028339862823	744.2425856590271	744.7144448757172	742.1489152908325	Left
744.7269375324249	6.380912780761719	trials		749.6966552734375	750.0062720775604	748.5580902099609	748.8289587497711	750.5627546310425	751.1078503131866	748.3207681179047	Right
751.9770214557648	6.8038246631622314	trials		757.4141747951508	757.6965939998627	756.1157426834106	756.3805899620056	758.260981798172	758.780846118927	755.8519194126129	Right
758.8816895484924	6.63953423500061	trials		764.0244224071503	764.3605811595917	762.7986533641815	763.0175437927246	765.0708684921265	765.521223783493	762.5558834075928	Left
765.7560882568359	6.072688817977905	trials		770.4312217235565	770.7149517536163	769.2669746875763	769.4895513057709	771.3180058002472	771.8287770748138	769.0247373580933	Left
771.8361496925354	5.809807538986206	trials		776.1962189674377	776.5527756214142	775.1504280567169	775.4466099739075	777.0995917320251	777.6459572315216	774.8848025798798	Right
777.6788070201874	5.739847660064697	trials		781.9934923648834	782.3221554756165	781.1362814903259	781.3785600662231	782.8750336170197	783.4186546802521	780.899327993393	Right
784.2263040542603	5.7313690185546875	trials		788.5886669158936	788.9089741706848	787.5373055934906	787.7631590366364	789.4810214042664	789.9576730728149	787.2733182907104	Left
790.8191845417023	5.984256029129028	trials		795.4941132068634	795.8268313407898	794.1872434616089	794.4433662891388	796.3450982570648	796.8034405708313	793.960857629776	Right
797.5219609737396	5.512314796447754	trials		801.6947200298309	802.0523006916046	800.8267366886139	801.0330111980438	802.6282804012299	803.0342757701874	800.5699174404144	Left
803.3502004146576	6.449889183044434	trials		808.5100133419037	808.8618597984314	807.5678515434265	807.8410136699677	809.2741632461548	809.800089597702	807.3202483654022	Right
810.6165044307709	6.69650936126709	trials		815.820472240448	816.0833127498627	814.4368436336517	814.6515147686005	816.7662796974182	817.313013792038	814.1800653934479	Left
817.3194854259491	6.468075513839722	trials		822.3361432552338	822.6789376735687	820.9587404727936	821.2011008262634	823.2804350852966	823.7875609397888	820.7106456756592	Right
823.975649356842	6.586245059967041	trials		829.1319808959961	829.4229197502136	827.8059418201447	828.0175821781158	830.1409075260162	830.5618944168091	827.53830909729	Left
831.1319346427917	6.003957748413086	trials		835.7739315032959	836.0429978370667	834.6439681053162	834.9127883911133	836.672553062439	837.1358923912048	834.3819468021393	Right
837.1955301761627	6.706135034561157	trials		842.2898483276367	842.6269080638885	841.0936524868011	841.3098392486572	843.3340826034546	843.9016652107239	840.8505959510803	Left
843.9120690822601	6.178037881851196	trials		848.7418265342712	849.0105650424957	847.8151476383209	848.0632421970367	849.6541285514832	850.0901069641113	847.5847065448761	Right
850.4265112876892	6.306365489959717	trials		855.2887091636658	855.6002099514008	854.1171712875366	854.3475711345673	856.2757632732391	856.7328767776489	853.8675200939178	Left
857.522176027298	5.935103893280029	trials		862.1184613704681	862.398095369339	861.0881946086884	861.3548440933228	862.9810791015625	863.457279920578	860.8346521854401	Right
863.9283199310303	6.406062126159668	trials		868.7262105941772	869.0454938411713	867.4737355709076	867.6817715167999	869.7464423179626	870.3343820571899	867.2271156311035	Left
870.3490867614746	6.089605093002319	trials		875.0854144096375	875.3919999599457	874.0664525032043	874.3506329059601	875.9883365631104	876.4386918544769	873.804185628891	Right
876.4436888694763	6.195363998413086	trials		881.2570214271545	881.603747844696	879.9065291881561	880.1205861568451	882.1687500476837	882.6390528678894	879.6634726524353	Left
883.1623167991638	6.136135578155518	trials		887.7721190452576	888.1290855407715	886.5957069396973	886.8235673904419	888.7727308273315	889.2984523773193	886.3343410491943	Left
889.6608254909515	6.181150913238525	trials		894.5224089622498	894.8379647731781	893.1083059310913	893.3503794670105	895.3596723079681	895.8419764041901	892.8663141727448	Right
896.7852442264557	6.2708940505981445	trials		901.6792678833008	902.000926733017	900.2828185558319	900.5517618656158	902.5221426486969	903.0561382770538	899.9912242889404	Right
903.7545471191406	6.591201305389404	trials		908.9921023845673	909.2683775424957	907.9829709529877	908.2091929912567	909.9271373748779	910.34574842453	907.7094810009003	Left
911.1769087314606	6.8018176555633545	trials		916.522762298584	916.8737485408783	915.149332523346	915.3908326625824	917.4618113040924	917.9787263870239	914.900500535965	Right
917.9897446632385	6.649159669876099	trials		922.9437747001648	923.2936959266663	921.5939788818359	921.8084864616394	924.0523979663849	924.6389043331146	921.3186867237091	Left
924.6483659744263	6.622617721557617	trials		929.7415783405304	930.0561511516571	928.640163898468	928.9004645347595	930.6373734474182	931.2709836959839	928.4008345603943	Right
931.7859327793121	6.467379331588745	trials		936.7726080417633	937.0794804096222	935.7318143844604	935.9338700771332	937.8148353099823	938.2533121109009	935.5070669651031	Left
938.9576191902161	6.766428232192993	trials		944.2571468353271	944.520765542984	942.974935054779	943.1717886924744	945.3610188961029	945.7240474224091	942.7407667636871	Left
946.1925888061523	6.5006797313690186	trials		951.2559821605682	951.590010881424	950.2622106075287	950.5291059017181	952.1402676105499	952.6932685375214	949.9898264408112	Right
953.3320806026459	7.14043402671814	trials		958.7727155685425	959.1152639389038	957.3692212104797	957.5883162021637	959.8600807189941	960.472514629364	957.0684108734131	Left
960.4883661270142	7.065722942352295	trials		966.022225856781	966.3221349716187	964.5759692192078	964.8415539264679	967.0510182380676	967.5540890693665	964.3496651649475	Right
968.0505242347717	6.312427520751953	trials		972.6932992935181	973.0515353679657	971.6443135738373	971.8487858772278	973.8133504390717	974.3629517555237	971.3965466022491	Left
974.7542426586151	6.393405437469482	trials		979.568353176117	979.8912818431854	978.0687668323517	978.3624088764191	980.6379008293152	981.1476480960846	977.771151304245	Right
981.1608371734619	7.058595895767212	trials		986.59827709198	986.9263257980347	985.2962815761566	985.516482591629	987.6954727172852	988.2194330692291	985.0357351303101	Left
988.2388069629669	19.48590087890625	trials		993.2229835987091	993.5101952552795	991.883796453476	992.1447117328644	994.4031641483307	1007.7247078418732	991.551283121109	Right
1007.7374873161316	6.926663637161255	trials		1013.3335654735565	1013.6427314281464	1012.0211660861969	1012.231372833252	1014.2571725845337	1014.6641509532928	1011.7393202781677	Left
1014.878945350647	6.537748336791992	trials		1020.0690689086914	1020.3798322677612	1019.1253504753113	1019.369062423706	1020.9218151569366	1021.416693687439	1018.8632884025574	Right
1021.6290714740753	6.161858558654785	trials		1026.4424448013306	1026.7987968921661	1025.461657524109	1025.6612148284912	1027.3437285423279	1027.79093003273	1025.1914036273956	Left
1027.9256472587585	5.878579378128052	trials		1032.457994222641	1032.7214488983154	1031.512760400772	1031.7636811733246	1033.285918712616	1033.8042266368866	1031.254712343216	Right
1033.8155725002289	6.405406713485718	trials		1038.7390463352203	1039.0514073371887	1037.486735343933	1037.741670370102	1039.6864922046661	1040.2209792137146	1037.206732749939	Right
1040.769187927246	6.481059789657593	trials		1045.849046945572	1046.2075698375702	1044.643061876297	1044.8529407978058	1046.7848601341248	1047.2502477169037	1044.4107775688171	Left
1048.0503194332123	6.049095630645752	trials		1052.6440653800964	1052.9213645458221	1051.595448255539	1051.81028342247	1053.6370174884796	1054.099415063858	1051.363778591156	Left
1054.3783526420593	5.998919725418091	trials		1058.9722213745117	1059.322675228119	1057.8938674926758	1058.126151561737	1059.8674430847168	1060.3772723674774	1057.6608052253723	Right
1061.081948041916	6.15239691734314	trials		1065.7690827846527	1066.0549426078796	1064.4632370471954	1064.7202610969543	1066.7159962654114	1067.234344959259	1064.206377029419	Right
1067.7062861919403	6.479748964309692	trials		1072.6759219169617	1073.001103401184	1071.7146317958832	1071.9121408462524	1073.7408819198608	1074.18603515625	1071.4879999160767	Left
1074.3780555725098	6.333317279815674	trials		1079.3625600337982	1079.661158323288	1078.2679858207703	1078.4967064857483	1080.2697010040283	1080.7113728523254	1078.003957748413	Left
1081.3312203884125	5.713305711746216	trials		1085.6129741668701	1085.9178802967072	1084.7054233551025	1085.0020146369934	1086.507868051529	1087.0445261001587	1084.4413542747498	Right
1087.8934631347656	6.641786813735962	trials		1093.0817024707794	1093.383618593216	1091.8056344985962	1092.0218214988708	1094.010306596756	1094.5352499485016	1091.5652813911438	Left
1095.0182502269745	6.430105686187744	trials		1100.018360376358	1100.331704378128	1098.514841556549	1098.816266298294	1100.8820838928223	1101.4483559131622	1098.2058804035187	Right
1102.0181913375854	6.290964603424072	trials		1106.9569025039673	1107.2261323928833	1105.6144382953644	1105.8219418525696	1107.8975489139557	1108.3091559410095	1105.3620018959045	Left
1109.189918756485	6.0019097328186035	trials		1113.9097394943237	1114.2279987335205	1112.466186285019	1112.7092838287354	1114.754539489746	1115.1918284893036	1112.2211635112762	Right
1115.2679731845856	6.134947776794434	trials		1120.0345702171326	1120.378265619278	1118.6911642551422	1118.9155020713806	1120.921026468277	1121.40292096138	1118.4418406486511	Left
1121.5647947788239	6.115901470184326	trials		1126.2376346588135	1126.5129268169403	1124.8103423118591	1125.053603887558	1127.1383860111237	1127.6806962490082	1124.5812940597534	Right
1128.2209177017212	6.6366260051727295	trials		1133.4415154457092	1133.7970893383026	1132.3334655761719	1132.5928242206573	1134.3965797424316	1134.857543706894	1132.0811519622803	Right
1135.7520282268524	6.120693683624268	trials		1140.5027327537537	1140.8114893436432	1139.1825919151306	1139.393822669983	1141.3801369667053	1141.8727219104767	1138.9716889858246	Left
1142.4406733512878	6.044426202774048	trials		1147.0799667835236	1147.3456332683563	1146.1457920074463	1146.4108440876007	1148.0456397533417	1148.485099554062	1145.8310143947601	Right
1149.1112141609192	6.036111354827881	trials		1153.61656832695	1153.8914098739624	1152.5071666240692	1152.710778951645	1154.7496857643127	1155.147325515747	1152.2363801002502	Left
1155.5017113685608	5.982371807098389	trials		1160.2059264183044	1160.5406925678253	1159.1537458896637	1159.3944268226624	1161.0673151016235	1161.4840831756592	1158.877798318863	Left
1161.6265830993652	6.747176885604858	trials		1167.0173287391663	1167.3686835765839	1165.703536748886	1165.9609701633453	1167.8391091823578	1168.37375998497	1165.3765530586243	Right
1169.0639770030975	6.553067445755005	trials		1174.1119282245636	1174.4183909893036	1172.9210982322693	1173.1419954299927	1175.0831718444824	1175.6170444488525	1172.6743142604828	Left
1175.9526708126068	6.6607513427734375	trials		1181.331128358841	1181.593026638031	1179.945410490036	1180.2455654144287	1182.125752210617	1182.6134221553802	1179.7054669857025	Right
1183.470059633255	6.49596905708313	trials		1188.5023231506348	1188.8253746032715	1187.1888589859009	1187.4271640777588	1189.513298034668	1189.9660286903381	1186.9552640914917	Left
1190.8137369155884	6.061957120895386	trials		1195.5024690628052	1195.7803826332092	1194.548142194748	1194.8180685043335	1196.3740978240967	1196.8756940364838	1194.297999382019	Right
1197.2354047298431	6.519726037979126	trials		1202.376130580902	1202.6484327316284	1201.2326502799988	1201.439047574997	1203.327303647995	1203.7551307678223	1200.9706699848175	Left
1203.7664768695831	6.5427045822143555	trials		1208.8610816001892	1209.1805696487427	1207.9160525798798	1208.2012979984283	1209.7612595558167	1210.3091814517975	1207.6738150119781	Right
1210.7969331741333	5.978849172592163	trials		1215.3611469268799	1215.6364800930023	1214.3498034477234	1214.5532109737396	1216.3948543071747	1216.7757823467255	1214.1111705303192	Left
1217.5933439731598	6.193274974822998	trials		1222.2830591201782	1222.5650687217712	1220.9775002002716	1221.2610251903534	1223.1889715194702	1223.7866189479828	1220.7194521427155	Right
1224.1256039142609	5.931909084320068	trials		1228.6581554412842	1228.9893989562988	1227.5444121360779	1227.8167960643768	1229.5158169269562	1230.057512998581	1227.2661299705505	Right
1230.8600013256073	6.888038396835327	trials		1236.2973184585571	1236.5980467796326	1235.038412809372	1235.2575488090515	1237.2681114673615	1237.7480397224426	1234.8130099773407	Left
1238.3910706043243	3.1794791221618652	trials	1241.0987725257874			1241.0824704170227			1241.5705497264862		Right
1242.2972211837769	6.413557767868042	trials		1247.3606553077698	1247.6926362514496	1246.2098841667175	1246.4625253677368	1248.2763981819153	1248.710778951645	1245.9542937278748	Left
1249.1251301765442	5.938216924667358	trials		1253.6879513263702	1253.9591884613037	1252.851711988449	1253.0708479881287	1254.6254847049713	1255.0633471012115	1252.5314047336578	Left
1255.5782964229584	6.119219064712524	trials		1260.2660863399506	1260.5478911399841	1258.8881919384003	1259.1477963924408	1261.2093951702118	1261.697515487671	1258.6260888576508	Right
1262.2187314033508	6.845276355743408	trials		1267.6413850784302	1267.9695973396301	1266.4130764007568	1266.623528957367	1268.5823590755463	1269.0640077590942	1266.1103410720825	Left
1269.421834230423	6.333644866943359	trials		1274.1885542869568	1274.5427763462067	1273.0270924568176	1273.2879257202148	1275.1658599376678	1275.7554790973663	1272.7664229869843	Right
1276.2652261257172	6.142771244049072	trials		1280.9851288795471	1281.3387365341187	1279.5683634281158	1279.8370201587677	1281.8460261821747	1282.4079973697662	1279.3445172309875	Right
1282.4215142726898	6.241239070892334	trials		1287.1559166908264	1287.5035033226013	1286.3343000411987	1286.5403699874878	1288.1701273918152	1288.6627533435822	1286.093332529068	Left
1288.921538591385	6.240583658218384	trials		1293.7819340229034	1294.1235814094543	1292.7144346237183	1292.9856717586517	1294.6673665046692	1295.1621222496033	1292.485345363617	Right
1295.8890392780304	5.944279193878174	trials		1300.4222874641418	1300.7104001045227	1299.4088549613953	1299.6265165805817	1301.3705112934113	1301.8333184719086	1299.1557631492615	Left
1301.8744831085205	6.420316219329834	trials		1306.9849395751953	1307.2787046432495	1305.6642663478851	1305.8705818653107	1307.8775398731232	1308.2947993278503	1305.4056038856506	Left
1308.4983296394348	6.614999055862427	trials		1313.6720280647278	1314.024570941925	1312.5226905345917	1312.7899136543274	1314.6031308174133	1315.1133286952972	1312.296140909195	Right
1315.421020269394	6.788095951080322	trials		1320.78022646904	1321.0772275924683	1319.4096231460571	1319.6643941402435	1321.705594778061	1322.2091162204742	1319.1720139980316	Right
